     0.731      0.443      0.523      0.269     0.0335      0.092    0.00175     0.0113      0.194      0.879    0.00035       3.15       0.95      0.116      0.063      0.527       1.13      0.924       1.11        0.2       4.06       4.85          0     0.0138      0.769      0.479      0.384     0.0623       0.47      0.376          0      0.426        0.5      0.966          0     0.0885     0.0884
     0.668      0.477      0.524      0.269     0.0348     0.0764    0.00194     0.0113      0.194      0.877    0.00039       3.38       0.95      0.108     0.0641      0.525       1.13      0.789       1.08        0.2       4.06       4.74          0     0.0142      0.769      0.479      0.317     0.0611      0.444      0.472          0      0.558        0.5          1          0     0.0863     0.0884
     0.661      0.494      0.517       0.27     0.0374     0.0641    0.00185     0.0123      0.194      0.866    0.00032       3.11      0.844      0.115     0.0717      0.492       1.18      0.726       1.07        0.2       3.42       5.08          0     0.0152      0.897      0.347      0.317     0.0531      0.502       0.48          0      0.623        0.5          1          0     0.0856     0.0827
     0.697      0.451      0.507      0.258     0.0265      0.106    0.00159       0.01      0.194      0.908    0.00052       2.81        0.8      0.108       0.05      0.484          1       1.12       1.08        0.2       3.85       4.19          0     0.0167      0.691      0.415      0.404     0.0869      0.513      0.471          0      0.558        0.5       0.91          0        0.1        0.1
     0.691      0.457      0.506      0.258     0.0265     0.0952    0.00179       0.01      0.241      0.894    0.00052       2.81      0.797      0.103       0.05      0.484       1.09       1.12       1.08        0.2       3.24        5.1          0     0.0155      0.825      0.369      0.422     0.0992      0.372      0.441          0      0.537        0.5      0.952          0     0.0888        0.1
     0.704      0.429      0.492      0.253     0.0265     0.0922    0.00155       0.01        0.2      0.937     0.0005          3        0.8        0.1       0.05        0.5          1          1          1        0.2          4          3          0      0.015        0.7        0.4        0.4        0.1        0.5        0.5          0        0.5        0.5          1          0        0.1        0.1
     0.678      0.436      0.496      0.259      0.027      0.116    0.00173     0.0125      0.237      0.911    0.00043       2.47        0.8      0.158     0.0495      0.458       1.15       1.05       1.08        0.2       5.15       4.19          0     0.0159      0.767      0.543      0.231     0.0869      0.513      0.437          0      0.558        0.5          1          0        0.1        0.1
      0.65      0.457      0.503      0.259      0.027       0.15    0.00138     0.0108      0.227      0.908    0.00049       3.25       0.95      0.131       0.05      0.482      0.898       1.58       1.08        0.2       4.13       4.88          0     0.0242       0.62      0.415      0.344     0.0751      0.596      0.284          0      0.568        0.5          1          0     0.0899        0.1
     0.647      0.455      0.498      0.249     0.0259     0.0988     0.0015    0.00985       0.19      0.896    0.00051       3.06      0.881      0.107     0.0494      0.479       1.02       1.03        1.1        0.2       3.79       3.96          0     0.0167      0.733      0.397      0.427     0.0869        0.5      0.455          0      0.604        0.5      0.899          0        0.1     0.0956
     0.637      0.444      0.483      0.252       0.02      0.107    0.00174       0.01      0.219      0.937    0.00046       2.87      0.734      0.101     0.0361      0.466       1.13       0.92       1.15        0.2       5.28        2.6          0      0.015      0.579      0.429      0.358        0.1      0.467      0.384          0      0.456        0.5      0.959          0        0.1        0.1
     0.654      0.447      0.481      0.247     0.0267      0.105    0.00169    0.00897      0.224      0.908     0.0006        2.3      0.774      0.108     0.0511      0.518      0.974       1.07       1.11        0.2       3.78       4.19          0     0.0175      0.691      0.445      0.419     0.0914      0.471      0.443          0      0.558        0.5      0.873          0     0.0949     0.0988
     0.642      0.442      0.484      0.249     0.0269     0.0886    0.00159    0.00981      0.201      0.937    0.00049       2.85      0.842      0.098     0.0503        0.5          1      0.982      0.991        0.2        3.9       3.09          0     0.0141      0.726      0.419        0.4        0.1      0.502      0.511          0        0.5        0.5          1          0        0.1        0.1
     0.614      0.462      0.494      0.255     0.0245      0.107    0.00128    0.00947      0.181      0.908    0.00052       2.72      0.799      0.109     0.0467      0.454      0.947       1.18       1.01        0.2       3.87       3.88          0     0.0172      0.691      0.399      0.404      0.086      0.534      0.481          0       0.51        0.5       0.91          0        0.1        0.1
     0.604      0.483      0.492      0.258     0.0266     0.0983    0.00164       0.01      0.211      0.911    0.00045       3.87       0.76      0.112       0.05        0.5          1       1.03       1.07        0.2       4.04       2.88          0     0.0164      0.785      0.431        0.4       0.11       0.56      0.434          0      0.561        0.5          1          0        0.1        0.1
     0.627      0.449      0.486      0.252     0.0266      0.106     0.0016       0.01      0.195      0.908    0.00052        2.8        0.8      0.108     0.0501      0.484          1       1.12       1.08        0.2       3.85       4.16          0     0.0167       0.69      0.415      0.403     0.0867      0.515      0.471          0      0.559        0.5      0.906          0     0.0998     0.0994
     0.599      0.481      0.492      0.251      0.027      0.108    0.00171       0.01      0.197      0.903    0.00051       2.84      0.777      0.106       0.05      0.488       1.01       1.09       1.08        0.2       3.93       4.54          0     0.0166      0.682      0.411      0.404     0.0892      0.513      0.472          0      0.546        0.5       0.91          0        0.1        0.1
     0.634      0.446      0.479       0.24     0.0272      0.101    0.00133    0.00971      0.115      0.821    0.00046       1.98        0.8      0.116     0.0514      0.484      0.871       1.14       1.06        0.2       3.26       4.19          0     0.0167      0.715      0.418      0.407      0.093      0.555      0.534          0      0.783        0.5      0.711          0        0.1        0.1
       0.6       0.45      0.473      0.245      0.025      0.116    0.00173     0.0124       0.17      0.908    0.00038       2.81        0.8     0.0933      0.047      0.484          1       1.12       1.22        0.2       3.67       4.19          0      0.026      0.899      0.325      0.384     0.0849      0.432      0.476          0      0.712        0.5       0.91          0     0.0992     0.0961
       0.6      0.455      0.477      0.243     0.0286      0.128    0.00164     0.0101      0.287      0.882    0.00055       2.59      0.892      0.108     0.0525      0.484       1.16       1.21       1.23        0.2       3.83       5.44          0     0.0142      0.691      0.415      0.404     0.0959      0.397      0.417          0      0.558        0.5      0.706          0        0.1        0.1
     0.552      0.477      0.464      0.232     0.0406     0.0901   0.000992     0.0113      0.287      0.979    0.00039       3.35       0.95       0.14     0.0766      0.295      0.946      0.954       1.08        0.2       3.47       3.22          0     0.0156      0.769      0.479      0.338     0.0689      0.557      0.396          0      0.524        0.5          1          0        0.1      0.067
